4.927196982053294594e-05 0.000000000000000000e+00 9.999285475696597647e-01 2.081668171172168513e-17 6.938893903907228378e-18 0.000000000000000000e+00 1.734723475976807094e-18
1.096721237554137973e-04 0.000000000000000000e+00 -4.336808689942017736e-19 0.000000000000000000e+00 6.938893903907228378e-18 1.000108597820721368e+00 8.673617379884035472e-18
1.096721237554137973e-04 0.000000000000000000e+00 -4.336808689942017736e-19 0.000000000000000000e+00 6.938893903907228378e-18 1.000108597820721368e+00 8.673617379884035472e-18
6.938893903907228378e-18 2.775557561562891351e-17 6.505213034913026604e-18 0.000000000000000000e+00 0.000000000000000000e+00 0.000000000000000000e+00 0.000000000000000000e+00
1.096721237554137973e-04 0.000000000000000000e+00 -4.336808689942017736e-19 0.000000000000000000e+00 6.938893903907228378e-18 1.000108597820721368e+00 8.673617379884035472e-18
6.938893903907228378e-18 2.775557561562891351e-17 6.505213034913026604e-18 0.000000000000000000e+00 0.000000000000000000e+00 0.000000000000000000e+00 0.000000000000000000e+00
0.000000000000000000e+00 0.000000000000000000e+00 6.505213034913026604e-18 6.938893903907228378e-18 6.938893903907228378e-18 0.000000000000000000e+00 1.734723475976807094e-18
4.927196982053294594e-05 0.000000000000000000e+00 9.999285475696597647e-01 2.081668171172168513e-17 6.938893903907228378e-18 0.000000000000000000e+00 1.734723475976807094e-18
4.927196982053294594e-05 0.000000000000000000e+00 9.999285475696597647e-01 2.081668171172168513e-17 6.938893903907228378e-18 0.000000000000000000e+00 1.734723475976807094e-18
6.938893903907228378e-18 2.775557561562891351e-17 6.505213034913026604e-18 0.000000000000000000e+00 0.000000000000000000e+00 0.000000000000000000e+00 0.000000000000000000e+00
0.000000000000000000e+00 0.000000000000000000e+00 -4.336808689942017736e-19 0.000000000000000000e+00 0.000000000000000000e+00 0.000000000000000000e+00 1.734723475976807094e-18
6.938893903907228378e-18 2.775557561562891351e-17 6.505213034913026604e-18 0.000000000000000000e+00 0.000000000000000000e+00 0.000000000000000000e+00 0.000000000000000000e+00
1.096721237554137973e-04 0.000000000000000000e+00 -4.336808689942017736e-19 0.000000000000000000e+00 6.938893903907228378e-18 1.000108597820721368e+00 8.673617379884035472e-18
6.938893903907228378e-18 2.775557561562891351e-17 6.505213034913026604e-18 0.000000000000000000e+00 0.000000000000000000e+00 0.000000000000000000e+00 0.000000000000000000e+00
6.938893903907228378e-18 0.000000000000000000e+00 6.505213034913026604e-18 1.000137285736370618e+00 0.000000000000000000e+00 0.000000000000000000e+00 8.673617379884035472e-18
0.000000000000000000e+00 0.000000000000000000e+00 -4.336808689942017736e-19 0.000000000000000000e+00 0.000000000000000000e+00 0.000000000000000000e+00 1.734723475976807094e-18
1.096721237554137973e-04 0.000000000000000000e+00 -4.336808689942017736e-19 0.000000000000000000e+00 6.938893903907228378e-18 1.000108597820721368e+00 8.673617379884035472e-18
6.938893903907228378e-18 0.000000000000000000e+00 6.505213034913026604e-18 6.058759180870010308e-05 -6.938893903907228378e-18 0.000000000000000000e+00 1.000558068401073308e+00
6.938893903907228378e-18 0.000000000000000000e+00 6.505213034913026604e-18 6.058759180870010308e-05 -6.938893903907228378e-18 0.000000000000000000e+00 1.000558068401073308e+00
0.000000000000000000e+00 0.000000000000000000e+00 -4.336808689942017736e-19 0.000000000000000000e+00 0.000000000000000000e+00 0.000000000000000000e+00 1.734723475976807094e-18
1.096721237554137973e-04 0.000000000000000000e+00 -4.336808689942017736e-19 0.000000000000000000e+00 6.938893903907228378e-18 1.000108597820721368e+00 8.673617379884035472e-18
4.927196982053294594e-05 0.000000000000000000e+00 9.999285475696597647e-01 2.081668171172168513e-17 6.938893903907228378e-18 0.000000000000000000e+00 1.734723475976807094e-18
4.927196982053294594e-05 0.000000000000000000e+00 9.999285475696597647e-01 2.081668171172168513e-17 6.938893903907228378e-18 0.000000000000000000e+00 1.734723475976807094e-18
0.000000000000000000e+00 0.000000000000000000e+00 6.505213034913026604e-18 6.938893903907228378e-18 6.938893903907228378e-18 0.000000000000000000e+00 1.734723475976807094e-18
6.938893903907228378e-18 2.775557561562891351e-17 6.505213034913026604e-18 0.000000000000000000e+00 0.000000000000000000e+00 0.000000000000000000e+00 0.000000000000000000e+00
0.000000000000000000e+00 0.000000000000000000e+00 6.505213034913026604e-18 6.938893903907228378e-18 6.938893903907228378e-18 0.000000000000000000e+00 1.734723475976807094e-18
6.938893903907228378e-18 0.000000000000000000e+00 6.505213034913026604e-18 1.000137285736370618e+00 0.000000000000000000e+00 0.000000000000000000e+00 8.673617379884035472e-18
6.938893903907228378e-18 0.000000000000000000e+00 6.505213034913026604e-18 1.000137285736370618e+00 0.000000000000000000e+00 0.000000000000000000e+00 8.673617379884035472e-18
4.927196982053294594e-05 0.000000000000000000e+00 9.999285475696597647e-01 2.081668171172168513e-17 6.938893903907228378e-18 0.000000000000000000e+00 1.734723475976807094e-18
1.096721237554137973e-04 0.000000000000000000e+00 -4.336808689942017736e-19 0.000000000000000000e+00 6.938893903907228378e-18 1.000108597820721368e+00 8.673617379884035472e-18
0.000000000000000000e+00 0.000000000000000000e+00 -4.336808689942017736e-19 0.000000000000000000e+00 0.000000000000000000e+00 0.000000000000000000e+00 1.734723475976807094e-18
0.000000000000000000e+00 0.000000000000000000e+00 6.505213034913026604e-18 6.938893903907228378e-18 6.938893903907228378e-18 0.000000000000000000e+00 1.734723475976807094e-18
1.096721237554137973e-04 0.000000000000000000e+00 -4.336808689942017736e-19 0.000000000000000000e+00 6.938893903907228378e-18 1.000108597820721368e+00 8.673617379884035472e-18
1.096721237554137973e-04 0.000000000000000000e+00 -4.336808689942017736e-19 0.000000000000000000e+00 6.938893903907228378e-18 1.000108597820721368e+00 8.673617379884035472e-18
4.927196982053294594e-05 0.000000000000000000e+00 9.999285475696597647e-01 2.081668171172168513e-17 6.938893903907228378e-18 0.000000000000000000e+00 1.734723475976807094e-18
6.938893903907228378e-18 0.000000000000000000e+00 6.505213034913026604e-18 1.000137285736370618e+00 0.000000000000000000e+00 0.000000000000000000e+00 8.673617379884035472e-18
0.000000000000000000e+00 0.000000000000000000e+00 6.505213034913026604e-18 6.938893903907228378e-18 6.938893903907228378e-18 0.000000000000000000e+00 1.734723475976807094e-18
4.927196982053294594e-05 0.000000000000000000e+00 9.999285475696597647e-01 2.081668171172168513e-17 6.938893903907228378e-18 0.000000000000000000e+00 1.734723475976807094e-18
1.096721237554137973e-04 0.000000000000000000e+00 -4.336808689942017736e-19 0.000000000000000000e+00 6.938893903907228378e-18 1.000108597820721368e+00 8.673617379884035472e-18
6.938893903907228378e-18 2.775557561562891351e-17 6.505213034913026604e-18 0.000000000000000000e+00 0.000000000000000000e+00 0.000000000000000000e+00 0.000000000000000000e+00
6.938893903907228378e-18 2.775557561562891351e-17 6.505213034913026604e-18 0.000000000000000000e+00 0.000000000000000000e+00 0.000000000000000000e+00 0.000000000000000000e+00
6.938893903907228378e-18 0.000000000000000000e+00 6.505213034913026604e-18 6.058759180870010308e-05 -6.938893903907228378e-18 0.000000000000000000e+00 1.000558068401073308e+00
6.938893903907228378e-18 0.000000000000000000e+00 6.505213034913026604e-18 1.000137285736370618e+00 0.000000000000000000e+00 0.000000000000000000e+00 8.673617379884035472e-18
6.938893903907228378e-18 0.000000000000000000e+00 6.505213034913026604e-18 1.000137285736370618e+00 0.000000000000000000e+00 0.000000000000000000e+00 8.673617379884035472e-18
0.000000000000000000e+00 0.000000000000000000e+00 -4.336808689942017736e-19 0.000000000000000000e+00 0.000000000000000000e+00 0.000000000000000000e+00 1.734723475976807094e-18
0.000000000000000000e+00 0.000000000000000000e+00 -4.336808689942017736e-19 0.000000000000000000e+00 0.000000000000000000e+00 0.000000000000000000e+00 1.734723475976807094e-18
4.927196982053294594e-05 0.000000000000000000e+00 9.999285475696597647e-01 2.081668171172168513e-17 6.938893903907228378e-18 0.000000000000000000e+00 1.734723475976807094e-18
4.927196982053294594e-05 0.000000000000000000e+00 9.999285475696597647e-01 2.081668171172168513e-17 6.938893903907228378e-18 0.000000000000000000e+00 1.734723475976807094e-18
4.927196982053294594e-05 0.000000000000000000e+00 9.999285475696597647e-01 2.081668171172168513e-17 6.938893903907228378e-18 0.000000000000000000e+00 1.734723475976807094e-18
6.938893903907228378e-18 0.000000000000000000e+00 6.505213034913026604e-18 1.000137285736370618e+00 0.000000000000000000e+00 0.000000000000000000e+00 8.673617379884035472e-18
0.000000000000000000e+00 0.000000000000000000e+00 -4.336808689942017736e-19 0.000000000000000000e+00 0.000000000000000000e+00 0.000000000000000000e+00 1.734723475976807094e-18
1.096721237554137973e-04 0.000000000000000000e+00 -4.336808689942017736e-19 0.000000000000000000e+00 6.938893903907228378e-18 1.000108597820721368e+00 8.673617379884035472e-18
4.927196982053294594e-05 0.000000000000000000e+00 9.999285475696597647e-01 2.081668171172168513e-17 6.938893903907228378e-18 0.000000000000000000e+00 1.734723475976807094e-18
1.096721237554137973e-04 0.000000000000000000e+00 -4.336808689942017736e-19 0.000000000000000000e+00 6.938893903907228378e-18 1.000108597820721368e+00 8.673617379884035472e-18
6.938893903907228378e-18 2.775557561562891351e-17 6.505213034913026604e-18 0.000000000000000000e+00 0.000000000000000000e+00 0.000000000000000000e+00 0.000000000000000000e+00
4.927196982053294594e-05 0.000000000000000000e+00 9.999285475696597647e-01 2.081668171172168513e-17 6.938893903907228378e-18 0.000000000000000000e+00 1.734723475976807094e-18
0.000000000000000000e+00 0.000000000000000000e+00 6.505213034913026604e-18 6.938893903907228378e-18 6.938893903907228378e-18 0.000000000000000000e+00 1.734723475976807094e-18
0.000000000000000000e+00 0.000000000000000000e+00 -4.336808689942017736e-19 0.000000000000000000e+00 0.000000000000000000e+00 0.000000000000000000e+00 1.734723475976807094e-18
6.938893903907228378e-18 0.000000000000000000e+00 6.505213034913026604e-18 6.058759180870010308e-05 -6.938893903907228378e-18 0.000000000000000000e+00 1.000558068401073308e+00
0.000000000000000000e+00 0.000000000000000000e+00 6.505213034913026604e-18 6.938893903907228378e-18 6.938893903907228378e-18 0.000000000000000000e+00 1.734723475976807094e-18
4.927196982053294594e-05 0.000000000000000000e+00 9.999285475696597647e-01 2.081668171172168513e-17 6.938893903907228378e-18 0.000000000000000000e+00 1.734723475976807094e-18
0.000000000000000000e+00 0.000000000000000000e+00 -4.336808689942017736e-19 0.000000000000000000e+00 0.000000000000000000e+00 0.000000000000000000e+00 1.734723475976807094e-18
6.938893903907228378e-18 0.000000000000000000e+00 6.505213034913026604e-18 1.000137285736370618e+00 0.000000000000000000e+00 0.000000000000000000e+00 8.673617379884035472e-18
6.938893903907228378e-18 2.775557561562891351e-17 6.505213034913026604e-18 0.000000000000000000e+00 0.000000000000000000e+00 0.000000000000000000e+00 0.000000000000000000e+00
0.000000000000000000e+00 0.000000000000000000e+00 -4.336808689942017736e-19 0.000000000000000000e+00 0.000000000000000000e+00 0.000000000000000000e+00 1.734723475976807094e-18
6.938893903907228378e-18 2.775557561562891351e-17 6.505213034913026604e-18 0.000000000000000000e+00 0.000000000000000000e+00 0.000000000000000000e+00 0.000000000000000000e+00
6.938893903907228378e-18 0.000000000000000000e+00 6.505213034913026604e-18 1.000137285736370618e+00 0.000000000000000000e+00 0.000000000000000000e+00 8.673617379884035472e-18
0.000000000000000000e+00 0.000000000000000000e+00 6.505213034913026604e-18 6.938893903907228378e-18 6.938893903907228378e-18 0.000000000000000000e+00 1.734723475976807094e-18
0.000000000000000000e+00 0.000000000000000000e+00 -4.336808689942017736e-19 0.000000000000000000e+00 0.000000000000000000e+00 0.000000000000000000e+00 1.734723475976807094e-18
0.000000000000000000e+00 0.000000000000000000e+00 6.505213034913026604e-18 6.938893903907228378e-18 6.938893903907228378e-18 0.000000000000000000e+00 1.734723475976807094e-18
1.096721237554137973e-04 0.000000000000000000e+00 -4.336808689942017736e-19 0.000000000000000000e+00 6.938893903907228378e-18 1.000108597820721368e+00 8.673617379884035472e-18
4.927196982053294594e-05 0.000000000000000000e+00 9.999285475696597647e-01 2.081668171172168513e-17 6.938893903907228378e-18 0.000000000000000000e+00 1.734723475976807094e-18
0.000000000000000000e+00 0.000000000000000000e+00 -4.336808689942017736e-19 0.000000000000000000e+00 0.000000000000000000e+00 0.000000000000000000e+00 1.734723475976807094e-18
6.938893903907228378e-18 0.000000000000000000e+00 6.505213034913026604e-18 1.000137285736370618e+00 0.000000000000000000e+00 0.000000000000000000e+00 8.673617379884035472e-18
6.938893903907228378e-18 0.000000000000000000e+00 6.505213034913026604e-18 1.000137285736370618e+00 0.000000000000000000e+00 0.000000000000000000e+00 8.673617379884035472e-18
4.927196982053294594e-05 0.000000000000000000e+00 9.999285475696597647e-01 2.081668171172168513e-17 6.938893903907228378e-18 0.000000000000000000e+00 1.734723475976807094e-18
0.000000000000000000e+00 0.000000000000000000e+00 6.505213034913026604e-18 6.938893903907228378e-18 6.938893903907228378e-18 0.000000000000000000e+00 1.734723475976807094e-18
6.938893903907228378e-18 2.775557561562891351e-17 6.505213034913026604e-18 0.000000000000000000e+00 0.000000000000000000e+00 0.000000000000000000e+00 0.000000000000000000e+00
4.927196982053294594e-05 0.000000000000000000e+00 9.999285475696597647e-01 2.081668171172168513e-17 6.938893903907228378e-18 0.000000000000000000e+00 1.734723475976807094e-18
0.000000000000000000e+00 0.000000000000000000e+00 6.505213034913026604e-18 6.938893903907228378e-18 6.938893903907228378e-18 0.000000000000000000e+00 1.734723475976807094e-18
6.938893903907228378e-18 2.775557561562891351e-17 6.505213034913026604e-18 0.000000000000000000e+00 0.000000000000000000e+00 0.000000000000000000e+00 0.000000000000000000e+00
4.927196982053294594e-05 0.000000000000000000e+00 9.999285475696597647e-01 2.081668171172168513e-17 6.938893903907228378e-18 0.000000000000000000e+00 1.734723475976807094e-18
6.938893903907228378e-18 2.775557561562891351e-17 6.505213034913026604e-18 0.000000000000000000e+00 0.000000000000000000e+00 0.000000000000000000e+00 0.000000000000000000e+00
6.938893903907228378e-18 0.000000000000000000e+00 6.505213034913026604e-18 1.000137285736370618e+00 0.000000000000000000e+00 0.000000000000000000e+00 8.673617379884035472e-18
6.938893903907228378e-18 0.000000000000000000e+00 6.505213034913026604e-18 6.058759180870010308e-05 -6.938893903907228378e-18 0.000000000000000000e+00 1.000558068401073308e+00
1.096721237554137973e-04 0.000000000000000000e+00 -4.336808689942017736e-19 0.000000000000000000e+00 6.938893903907228378e-18 1.000108597820721368e+00 8.673617379884035472e-18
0.000000000000000000e+00 0.000000000000000000e+00 -4.336808689942017736e-19 0.000000000000000000e+00 0.000000000000000000e+00 0.000000000000000000e+00 1.734723475976807094e-18
1.096721237554137973e-04 0.000000000000000000e+00 -4.336808689942017736e-19 0.000000000000000000e+00 6.938893903907228378e-18 1.000108597820721368e+00 8.673617379884035472e-18
4.927196982053294594e-05 0.000000000000000000e+00 9.999285475696597647e-01 2.081668171172168513e-17 6.938893903907228378e-18 0.000000000000000000e+00 1.734723475976807094e-18
1.096721237554137973e-04 0.000000000000000000e+00 -4.336808689942017736e-19 0.000000000000000000e+00 6.938893903907228378e-18 1.000108597820721368e+00 8.673617379884035472e-18
6.938893903907228378e-18 2.775557561562891351e-17 6.505213034913026604e-18 0.000000000000000000e+00 0.000000000000000000e+00 0.000000000000000000e+00 0.000000000000000000e+00
0.000000000000000000e+00 0.000000000000000000e+00 6.505213034913026604e-18 6.938893903907228378e-18 6.938893903907228378e-18 0.000000000000000000e+00 1.734723475976807094e-18
6.938893903907228378e-18 2.775557561562891351e-17 6.505213034913026604e-18 0.000000000000000000e+00 0.000000000000000000e+00 0.000000000000000000e+00 0.000000000000000000e+00
1.096721237554137973e-04 0.000000000000000000e+00 -4.336808689942017736e-19 0.000000000000000000e+00 6.938893903907228378e-18 1.000108597820721368e+00 8.673617379884035472e-18
6.938893903907228378e-18 0.000000000000000000e+00 6.505213034913026604e-18 6.058759180870010308e-05 -6.938893903907228378e-18 0.000000000000000000e+00 1.000558068401073308e+00
1.096721237554137973e-04 0.000000000000000000e+00 -4.336808689942017736e-19 0.000000000000000000e+00 6.938893903907228378e-18 1.000108597820721368e+00 8.673617379884035472e-18
0.000000000000000000e+00 0.000000000000000000e+00 6.505213034913026604e-18 6.938893903907228378e-18 6.938893903907228378e-18 0.000000000000000000e+00 1.734723475976807094e-18
0.000000000000000000e+00 0.000000000000000000e+00 -4.336808689942017736e-19 0.000000000000000000e+00 0.000000000000000000e+00 0.000000000000000000e+00 1.734723475976807094e-18
1.096721237554137973e-04 0.000000000000000000e+00 -4.336808689942017736e-19 0.000000000000000000e+00 6.938893903907228378e-18 1.000108597820721368e+00 8.673617379884035472e-18
0.000000000000000000e+00 0.000000000000000000e+00 -4.336808689942017736e-19 0.000000000000000000e+00 0.000000000000000000e+00 0.000000000000000000e+00 1.734723475976807094e-18
1.096721237554137973e-04 0.000000000000000000e+00 -4.336808689942017736e-19 0.000000000000000000e+00 6.938893903907228378e-18 1.000108597820721368e+00 8.673617379884035472e-18
6.938893903907228378e-18 0.000000000000000000e+00 6.505213034913026604e-18 1.000137285736370618e+00 0.000000000000000000e+00 0.000000000000000000e+00 8.673617379884035472e-18
6.938893903907228378e-18 2.775557561562891351e-17 6.505213034913026604e-18 0.000000000000000000e+00 0.000000000000000000e+00 0.000000000000000000e+00 0.000000000000000000e+00
0.000000000000000000e+00 0.000000000000000000e+00 6.505213034913026604e-18 6.938893903907228378e-18 6.938893903907228378e-18 0.000000000000000000e+00 1.734723475976807094e-18
0.000000000000000000e+00 0.000000000000000000e+00 6.505213034913026604e-18 6.938893903907228378e-18 6.938893903907228378e-18 0.000000000000000000e+00 1.734723475976807094e-18
1.096721237554137973e-04 0.000000000000000000e+00 -4.336808689942017736e-19 0.000000000000000000e+00 6.938893903907228378e-18 1.000108597820721368e+00 8.673617379884035472e-18
1.096721237554137973e-04 0.000000000000000000e+00 -4.336808689942017736e-19 0.000000000000000000e+00 6.938893903907228378e-18 1.000108597820721368e+00 8.673617379884035472e-18
6.938893903907228378e-18 0.000000000000000000e+00 6.505213034913026604e-18 1.000137285736370618e+00 0.000000000000000000e+00 0.000000000000000000e+00 8.673617379884035472e-18
0.000000000000000000e+00 0.000000000000000000e+00 -4.336808689942017736e-19 0.000000000000000000e+00 0.000000000000000000e+00 0.000000000000000000e+00 1.734723475976807094e-18
6.938893903907228378e-18 0.000000000000000000e+00 6.505213034913026604e-18 6.058759180870010308e-05 -6.938893903907228378e-18 0.000000000000000000e+00 1.000558068401073308e+00
4.927196982053294594e-05 0.000000000000000000e+00 9.999285475696597647e-01 2.081668171172168513e-17 6.938893903907228378e-18 0.000000000000000000e+00 1.734723475976807094e-18
6.938893903907228378e-18 2.775557561562891351e-17 6.505213034913026604e-18 0.000000000000000000e+00 0.000000000000000000e+00 0.000000000000000000e+00 0.000000000000000000e+00
4.927196982053294594e-05 0.000000000000000000e+00 9.999285475696597647e-01 2.081668171172168513e-17 6.938893903907228378e-18 0.000000000000000000e+00 1.734723475976807094e-18
0.000000000000000000e+00 0.000000000000000000e+00 6.505213034913026604e-18 6.938893903907228378e-18 6.938893903907228378e-18 0.000000000000000000e+00 1.734723475976807094e-18
6.938893903907228378e-18 0.000000000000000000e+00 6.505213034913026604e-18 6.058759180870010308e-05 -6.938893903907228378e-18 0.000000000000000000e+00 1.000558068401073308e+00
1.096721237554137973e-04 0.000000000000000000e+00 -4.336808689942017736e-19 0.000000000000000000e+00 6.938893903907228378e-18 1.000108597820721368e+00 8.673617379884035472e-18
6.938893903907228378e-18 0.000000000000000000e+00 6.505213034913026604e-18 1.000137285736370618e+00 0.000000000000000000e+00 0.000000000000000000e+00 8.673617379884035472e-18
1.096721237554137973e-04 0.000000000000000000e+00 -4.336808689942017736e-19 0.000000000000000000e+00 6.938893903907228378e-18 1.000108597820721368e+00 8.673617379884035472e-18
0.000000000000000000e+00 0.000000000000000000e+00 -4.336808689942017736e-19 0.000000000000000000e+00 0.000000000000000000e+00 0.000000000000000000e+00 1.734723475976807094e-18
0.000000000000000000e+00 0.000000000000000000e+00 -4.336808689942017736e-19 0.000000000000000000e+00 0.000000000000000000e+00 0.000000000000000000e+00 1.734723475976807094e-18
0.000000000000000000e+00 0.000000000000000000e+00 -4.336808689942017736e-19 0.000000000000000000e+00 0.000000000000000000e+00 0.000000000000000000e+00 1.734723475976807094e-18
6.938893903907228378e-18 0.000000000000000000e+00 6.505213034913026604e-18 1.000137285736370618e+00 0.000000000000000000e+00 0.000000000000000000e+00 8.673617379884035472e-18
0.000000000000000000e+00 0.000000000000000000e+00 -4.336808689942017736e-19 0.000000000000000000e+00 0.000000000000000000e+00 0.000000000000000000e+00 1.734723475976807094e-18
0.000000000000000000e+00 0.000000000000000000e+00 -4.336808689942017736e-19 0.000000000000000000e+00 0.000000000000000000e+00 0.000000000000000000e+00 1.734723475976807094e-18
4.927196982053294594e-05 0.000000000000000000e+00 9.999285475696597647e-01 2.081668171172168513e-17 6.938893903907228378e-18 0.000000000000000000e+00 1.734723475976807094e-18
1.096721237554137973e-04 0.000000000000000000e+00 -4.336808689942017736e-19 0.000000000000000000e+00 6.938893903907228378e-18 1.000108597820721368e+00 8.673617379884035472e-18
4.927196982053294594e-05 0.000000000000000000e+00 9.999285475696597647e-01 2.081668171172168513e-17 6.938893903907228378e-18 0.000000000000000000e+00 1.734723475976807094e-18
4.927196982053294594e-05 0.000000000000000000e+00 9.999285475696597647e-01 2.081668171172168513e-17 6.938893903907228378e-18 0.000000000000000000e+00 1.734723475976807094e-18
4.927196982053294594e-05 0.000000000000000000e+00 9.999285475696597647e-01 2.081668171172168513e-17 6.938893903907228378e-18 0.000000000000000000e+00 1.734723475976807094e-18
4.927196982053294594e-05 0.000000000000000000e+00 9.999285475696597647e-01 2.081668171172168513e-17 6.938893903907228378e-18 0.000000000000000000e+00 1.734723475976807094e-18
1.096721237554137973e-04 0.000000000000000000e+00 -4.336808689942017736e-19 0.000000000000000000e+00 6.938893903907228378e-18 1.000108597820721368e+00 8.673617379884035472e-18
0.000000000000000000e+00 0.000000000000000000e+00 -4.336808689942017736e-19 0.000000000000000000e+00 0.000000000000000000e+00 0.000000000000000000e+00 1.734723475976807094e-18
0.000000000000000000e+00 0.000000000000000000e+00 -4.336808689942017736e-19 0.000000000000000000e+00 0.000000000000000000e+00 0.000000000000000000e+00 1.734723475976807094e-18
6.938893903907228378e-18 0.000000000000000000e+00 6.505213034913026604e-18 6.058759180870010308e-05 -6.938893903907228378e-18 0.000000000000000000e+00 1.000558068401073308e+00
6.938893903907228378e-18 2.775557561562891351e-17 6.505213034913026604e-18 0.000000000000000000e+00 0.000000000000000000e+00 0.000000000000000000e+00 0.000000000000000000e+00
1.096721237554137973e-04 0.000000000000000000e+00 -4.336808689942017736e-19 0.000000000000000000e+00 6.938893903907228378e-18 1.000108597820721368e+00 8.673617379884035472e-18
4.927196982053294594e-05 0.000000000000000000e+00 9.999285475696597647e-01 2.081668171172168513e-17 6.938893903907228378e-18 0.000000000000000000e+00 1.734723475976807094e-18
0.000000000000000000e+00 0.000000000000000000e+00 6.505213034913026604e-18 6.938893903907228378e-18 6.938893903907228378e-18 0.000000000000000000e+00 1.734723475976807094e-18
4.927196982053294594e-05 0.000000000000000000e+00 9.999285475696597647e-01 2.081668171172168513e-17 6.938893903907228378e-18 0.000000000000000000e+00 1.734723475976807094e-18
4.927196982053294594e-05 0.000000000000000000e+00 9.999285475696597647e-01 2.081668171172168513e-17 6.938893903907228378e-18 0.000000000000000000e+00 1.734723475976807094e-18
4.927196982053294594e-05 0.000000000000000000e+00 9.999285475696597647e-01 2.081668171172168513e-17 6.938893903907228378e-18 0.000000000000000000e+00 1.734723475976807094e-18
0.000000000000000000e+00 0.000000000000000000e+00 -4.336808689942017736e-19 0.000000000000000000e+00 0.000000000000000000e+00 0.000000000000000000e+00 1.734723475976807094e-18
0.000000000000000000e+00 0.000000000000000000e+00 -4.336808689942017736e-19 0.000000000000000000e+00 0.000000000000000000e+00 0.000000000000000000e+00 1.734723475976807094e-18
0.000000000000000000e+00 0.000000000000000000e+00 -4.336808689942017736e-19 0.000000000000000000e+00 0.000000000000000000e+00 0.000000000000000000e+00 1.734723475976807094e-18
6.938893903907228378e-18 2.775557561562891351e-17 6.505213034913026604e-18 0.000000000000000000e+00 0.000000000000000000e+00 0.000000000000000000e+00 0.000000000000000000e+00
1.096721237554137973e-04 0.000000000000000000e+00 -4.336808689942017736e-19 0.000000000000000000e+00 6.938893903907228378e-18 1.000108597820721368e+00 8.673617379884035472e-18
6.938893903907228378e-18 0.000000000000000000e+00 6.505213034913026604e-18 1.000137285736370618e+00 0.000000000000000000e+00 0.000000000000000000e+00 8.673617379884035472e-18
4.927196982053294594e-05 0.000000000000000000e+00 9.999285475696597647e-01 2.081668171172168513e-17 6.938893903907228378e-18 0.000000000000000000e+00 1.734723475976807094e-18
0.000000000000000000e+00 0.000000000000000000e+00 -4.336808689942017736e-19 0.000000000000000000e+00 0.000000000000000000e+00 0.000000000000000000e+00 1.734723475976807094e-18
1.096721237554137973e-04 0.000000000000000000e+00 -4.336808689942017736e-19 0.000000000000000000e+00 6.938893903907228378e-18 1.000108597820721368e+00 8.673617379884035472e-18
4.927196982053294594e-05 0.000000000000000000e+00 9.999285475696597647e-01 2.081668171172168513e-17 6.938893903907228378e-18 0.000000000000000000e+00 1.734723475976807094e-18
6.938893903907228378e-18 2.775557561562891351e-17 6.505213034913026604e-18 0.000000000000000000e+00 0.000000000000000000e+00 0.000000000000000000e+00 0.000000000000000000e+00
0.000000000000000000e+00 0.000000000000000000e+00 -4.336808689942017736e-19 0.000000000000000000e+00 0.000000000000000000e+00 0.000000000000000000e+00 1.734723475976807094e-18
0.000000000000000000e+00 0.000000000000000000e+00 -4.336808689942017736e-19 0.000000000000000000e+00 0.000000000000000000e+00 0.000000000000000000e+00 1.734723475976807094e-18
6.938893903907228378e-18 0.000000000000000000e+00 6.505213034913026604e-18 1.000137285736370618e+00 0.000000000000000000e+00 0.000000000000000000e+00 8.673617379884035472e-18
6.938893903907228378e-18 2.775557561562891351e-17 6.505213034913026604e-18 0.000000000000000000e+00 0.000000000000000000e+00 0.000000000000000000e+00 0.000000000000000000e+00
6.938893903907228378e-18 2.775557561562891351e-17 6.505213034913026604e-18 0.000000000000000000e+00 0.000000000000000000e+00 0.000000000000000000e+00 0.000000000000000000e+00
6.938893903907228378e-18 2.775557561562891351e-17 6.505213034913026604e-18 0.000000000000000000e+00 0.000000000000000000e+00 0.000000000000000000e+00 0.000000000000000000e+00
0.000000000000000000e+00 0.000000000000000000e+00 -4.336808689942017736e-19 0.000000000000000000e+00 0.000000000000000000e+00 0.000000000000000000e+00 1.734723475976807094e-18
4.927196982053294594e-05 0.000000000000000000e+00 9.999285475696597647e-01 2.081668171172168513e-17 6.938893903907228378e-18 0.000000000000000000e+00 1.734723475976807094e-18
4.927196982053294594e-05 0.000000000000000000e+00 9.999285475696597647e-01 2.081668171172168513e-17 6.938893903907228378e-18 0.000000000000000000e+00 1.734723475976807094e-18
6.938893903907228378e-18 0.000000000000000000e+00 6.505213034913026604e-18 6.058759180870010308e-05 -6.938893903907228378e-18 0.000000000000000000e+00 1.000558068401073308e+00
0.000000000000000000e+00 0.000000000000000000e+00 6.505213034913026604e-18 6.938893903907228378e-18 6.938893903907228378e-18 0.000000000000000000e+00 1.734723475976807094e-18
4.927196982053294594e-05 0.000000000000000000e+00 9.999285475696597647e-01 2.081668171172168513e-17 6.938893903907228378e-18 0.000000000000000000e+00 1.734723475976807094e-18
0.000000000000000000e+00 0.000000000000000000e+00 -4.336808689942017736e-19 0.000000000000000000e+00 0.000000000000000000e+00 0.000000000000000000e+00 1.734723475976807094e-18
1.096721237554137973e-04 0.000000000000000000e+00 -4.336808689942017736e-19 0.000000000000000000e+00 6.938893903907228378e-18 1.000108597820721368e+00 8.673617379884035472e-18
1.096721237554137973e-04 0.000000000000000000e+00 -4.336808689942017736e-19 0.000000000000000000e+00 6.938893903907228378e-18 1.000108597820721368e+00 8.673617379884035472e-18
0.000000000000000000e+00 0.000000000000000000e+00 6.505213034913026604e-18 6.938893903907228378e-18 6.938893903907228378e-18 0.000000000000000000e+00 1.734723475976807094e-18
1.096721237554137973e-04 0.000000000000000000e+00 -4.336808689942017736e-19 0.000000000000000000e+00 6.938893903907228378e-18 1.000108597820721368e+00 8.673617379884035472e-18
0.000000000000000000e+00 0.000000000000000000e+00 6.505213034913026604e-18 6.938893903907228378e-18 6.938893903907228378e-18 0.000000000000000000e+00 1.734723475976807094e-18
1.096721237554137973e-04 0.000000000000000000e+00 -4.336808689942017736e-19 0.000000000000000000e+00 6.938893903907228378e-18 1.000108597820721368e+00 8.673617379884035472e-18
0.000000000000000000e+00 0.000000000000000000e+00 -4.336808689942017736e-19 0.000000000000000000e+00 0.000000000000000000e+00 0.000000000000000000e+00 1.734723475976807094e-18
6.938893903907228378e-18 0.000000000000000000e+00 6.505213034913026604e-18 6.058759180870010308e-05 -6.938893903907228378e-18 0.000000000000000000e+00 1.000558068401073308e+00
6.938893903907228378e-18 2.775557561562891351e-17 6.505213034913026604e-18 0.000000000000000000e+00 0.000000000000000000e+00 0.000000000000000000e+00 0.000000000000000000e+00
6.938893903907228378e-18 2.775557561562891351e-17 6.505213034913026604e-18 0.000000000000000000e+00 0.000000000000000000e+00 0.000000000000000000e+00 0.000000000000000000e+00
4.927196982053294594e-05 0.000000000000000000e+00 9.999285475696597647e-01 2.081668171172168513e-17 6.938893903907228378e-18 0.000000000000000000e+00 1.734723475976807094e-18
0.000000000000000000e+00 0.000000000000000000e+00 -4.336808689942017736e-19 0.000000000000000000e+00 0.000000000000000000e+00 0.000000000000000000e+00 1.734723475976807094e-18
6.938893903907228378e-18 2.775557561562891351e-17 6.505213034913026604e-18 0.000000000000000000e+00 0.000000000000000000e+00 0.000000000000000000e+00 0.000000000000000000e+00
0.000000000000000000e+00 0.000000000000000000e+00 -4.336808689942017736e-19 0.000000000000000000e+00 0.000000000000000000e+00 0.000000000000000000e+00 1.734723475976807094e-18
6.938893903907228378e-18 0.000000000000000000e+00 6.505213034913026604e-18 1.000137285736370618e+00 0.000000000000000000e+00 0.000000000000000000e+00 8.673617379884035472e-18
6.938893903907228378e-18 0.000000000000000000e+00 6.505213034913026604e-18 6.058759180870010308e-05 -6.938893903907228378e-18 0.000000000000000000e+00 1.000558068401073308e+00
4.927196982053294594e-05 0.000000000000000000e+00 9.999285475696597647e-01 2.081668171172168513e-17 6.938893903907228378e-18 0.000000000000000000e+00 1.734723475976807094e-18
0.000000000000000000e+00 0.000000000000000000e+00 6.505213034913026604e-18 6.938893903907228378e-18 6.938893903907228378e-18 0.000000000000000000e+00 1.734723475976807094e-18
0.000000000000000000e+00 0.000000000000000000e+00 6.505213034913026604e-18 6.938893903907228378e-18 6.938893903907228378e-18 0.000000000000000000e+00 1.734723475976807094e-18
6.938893903907228378e-18 2.775557561562891351e-17 6.505213034913026604e-18 0.000000000000000000e+00 0.000000000000000000e+00 0.000000000000000000e+00 0.000000000000000000e+00
6.938893903907228378e-18 0.000000000000000000e+00 6.505213034913026604e-18 6.058759180870010308e-05 -6.938893903907228378e-18 0.000000000000000000e+00 1.000558068401073308e+00
0.000000000000000000e+00 0.000000000000000000e+00 6.505213034913026604e-18 6.938893903907228378e-18 6.938893903907228378e-18 0.000000000000000000e+00 1.734723475976807094e-18
6.938893903907228378e-18 2.775557561562891351e-17 6.505213034913026604e-18 0.000000000000000000e+00 0.000000000000000000e+00 0.000000000000000000e+00 0.000000000000000000e+00
4.927196982053294594e-05 0.000000000000000000e+00 9.999285475696597647e-01 2.081668171172168513e-17 6.938893903907228378e-18 0.000000000000000000e+00 1.734723475976807094e-18
4.927196982053294594e-05 0.000000000000000000e+00 9.999285475696597647e-01 2.081668171172168513e-17 6.938893903907228378e-18 0.000000000000000000e+00 1.734723475976807094e-18
0.000000000000000000e+00 0.000000000000000000e+00 -4.336808689942017736e-19 0.000000000000000000e+00 0.000000000000000000e+00 0.000000000000000000e+00 1.734723475976807094e-18
6.938893903907228378e-18 0.000000000000000000e+00 6.505213034913026604e-18 1.000137285736370618e+00 0.000000000000000000e+00 0.000000000000000000e+00 8.673617379884035472e-18
4.927196982053294594e-05 0.000000000000000000e+00 9.999285475696597647e-01 2.081668171172168513e-17 6.938893903907228378e-18 0.000000000000000000e+00 1.734723475976807094e-18
6.938893903907228378e-18 2.775557561562891351e-17 6.505213034913026604e-18 0.000000000000000000e+00 0.000000000000000000e+00 0.000000000000000000e+00 0.000000000000000000e+00
6.938893903907228378e-18 0.000000000000000000e+00 6.505213034913026604e-18 6.058759180870010308e-05 -6.938893903907228378e-18 0.000000000000000000e+00 1.000558068401073308e+00
0.000000000000000000e+00 0.000000000000000000e+00 -4.336808689942017736e-19 0.000000000000000000e+00 0.000000000000000000e+00 0.000000000000000000e+00 1.734723475976807094e-18
1.096721237554137973e-04 0.000000000000000000e+00 -4.336808689942017736e-19 0.000000000000000000e+00 6.938893903907228378e-18 1.000108597820721368e+00 8.673617379884035472e-18
1.096721237554137973e-04 0.000000000000000000e+00 -4.336808689942017736e-19 0.000000000000000000e+00 6.938893903907228378e-18 1.000108597820721368e+00 8.673617379884035472e-18
1.096721237554137973e-04 0.000000000000000000e+00 -4.336808689942017736e-19 0.000000000000000000e+00 6.938893903907228378e-18 1.000108597820721368e+00 8.673617379884035472e-18
6.938893903907228378e-18 0.000000000000000000e+00 6.505213034913026604e-18 1.000137285736370618e+00 0.000000000000000000e+00 0.000000000000000000e+00 8.673617379884035472e-18
0.000000000000000000e+00 0.000000000000000000e+00 6.505213034913026604e-18 6.938893903907228378e-18 6.938893903907228378e-18 0.000000000000000000e+00 1.734723475976807094e-18
1.096721237554137973e-04 0.000000000000000000e+00 -4.336808689942017736e-19 0.000000000000000000e+00 6.938893903907228378e-18 1.000108597820721368e+00 8.673617379884035472e-18
4.927196982053294594e-05 0.000000000000000000e+00 9.999285475696597647e-01 2.081668171172168513e-17 6.938893903907228378e-18 0.000000000000000000e+00 1.734723475976807094e-18
6.938893903907228378e-18 0.000000000000000000e+00 6.505213034913026604e-18 1.000137285736370618e+00 0.000000000000000000e+00 0.000000000000000000e+00 8.673617379884035472e-18
4.927196982053294594e-05 0.000000000000000000e+00 9.999285475696597647e-01 2.081668171172168513e-17 6.938893903907228378e-18 0.000000000000000000e+00 1.734723475976807094e-18
0.000000000000000000e+00 0.000000000000000000e+00 6.505213034913026604e-18 6.938893903907228378e-18 6.938893903907228378e-18 0.000000000000000000e+00 1.734723475976807094e-18
0.000000000000000000e+00 0.000000000000000000e+00 -4.336808689942017736e-19 0.000000000000000000e+00 0.000000000000000000e+00 0.000000000000000000e+00 1.734723475976807094e-18
1.096721237554137973e-04 0.000000000000000000e+00 -4.336808689942017736e-19 0.000000000000000000e+00 6.938893903907228378e-18 1.000108597820721368e+00 8.673617379884035472e-18
4.927196982053294594e-05 0.000000000000000000e+00 9.999285475696597647e-01 2.081668171172168513e-17 6.938893903907228378e-18 0.000000000000000000e+00 1.734723475976807094e-18
0.000000000000000000e+00 0.000000000000000000e+00 -4.336808689942017736e-19 0.000000000000000000e+00 0.000000000000000000e+00 0.000000000000000000e+00 1.734723475976807094e-18
6.938893903907228378e-18 2.775557561562891351e-17 6.505213034913026604e-18 0.000000000000000000e+00 0.000000000000000000e+00 0.000000000000000000e+00 0.000000000000000000e+00
6.938893903907228378e-18 2.775557561562891351e-17 6.505213034913026604e-18 0.000000000000000000e+00 0.000000000000000000e+00 0.000000000000000000e+00 0.000000000000000000e+00
0.000000000000000000e+00 0.000000000000000000e+00 -4.336808689942017736e-19 0.000000000000000000e+00 0.000000000000000000e+00 0.000000000000000000e+00 1.734723475976807094e-18
6.938893903907228378e-18 2.775557561562891351e-17 6.505213034913026604e-18 0.000000000000000000e+00 0.000000000000000000e+00 0.000000000000000000e+00 0.000000000000000000e+00
0.000000000000000000e+00 0.000000000000000000e+00 6.505213034913026604e-18 6.938893903907228378e-18 6.938893903907228378e-18 0.000000000000000000e+00 1.734723475976807094e-18
6.938893903907228378e-18 2.775557561562891351e-17 6.505213034913026604e-18 0.000000000000000000e+00 0.000000000000000000e+00 0.000000000000000000e+00 0.000000000000000000e+00
4.927196982053294594e-05 0.000000000000000000e+00 9.999285475696597647e-01 2.081668171172168513e-17 6.938893903907228378e-18 0.000000000000000000e+00 1.734723475976807094e-18
6.938893903907228378e-18 0.000000000000000000e+00 6.505213034913026604e-18 1.000137285736370618e+00 0.000000000000000000e+00 0.000000000000000000e+00 8.673617379884035472e-18
4.927196982053294594e-05 0.000000000000000000e+00 9.999285475696597647e-01 2.081668171172168513e-17 6.938893903907228378e-18 0.000000000000000000e+00 1.734723475976807094e-18
6.938893903907228378e-18 0.000000000000000000e+00 6.505213034913026604e-18 6.058759180870010308e-05 -6.938893903907228378e-18 0.000000000000000000e+00 1.000558068401073308e+00
6.938893903907228378e-18 2.775557561562891351e-17 6.505213034913026604e-18 0.000000000000000000e+00 0.000000000000000000e+00 0.000000000000000000e+00 0.000000000000000000e+00
4.927196982053294594e-05 0.000000000000000000e+00 9.999285475696597647e-01 2.081668171172168513e-17 6.938893903907228378e-18 0.000000000000000000e+00 1.734723475976807094e-18
4.927196982053294594e-05 0.000000000000000000e+00 9.999285475696597647e-01 2.081668171172168513e-17 6.938893903907228378e-18 0.000000000000000000e+00 1.734723475976807094e-18
1.096721237554137973e-04 0.000000000000000000e+00 -4.336808689942017736e-19 0.000000000000000000e+00 6.938893903907228378e-18 1.000108597820721368e+00 8.673617379884035472e-18
0.000000000000000000e+00 0.000000000000000000e+00 -4.336808689942017736e-19 0.000000000000000000e+00 0.000000000000000000e+00 0.000000000000000000e+00 1.734723475976807094e-18
4.927196982053294594e-05 0.000000000000000000e+00 9.999285475696597647e-01 2.081668171172168513e-17 6.938893903907228378e-18 0.000000000000000000e+00 1.734723475976807094e-18
0.000000000000000000e+00 0.000000000000000000e+00 -4.336808689942017736e-19 0.000000000000000000e+00 0.000000000000000000e+00 0.000000000000000000e+00 1.734723475976807094e-18
0.000000000000000000e+00 0.000000000000000000e+00 6.505213034913026604e-18 6.938893903907228378e-18 6.938893903907228378e-18 0.000000000000000000e+00 1.734723475976807094e-18
0.000000000000000000e+00 0.000000000000000000e+00 6.505213034913026604e-18 6.938893903907228378e-18 6.938893903907228378e-18 0.000000000000000000e+00 1.734723475976807094e-18
4.927196982053294594e-05 0.000000000000000000e+00 9.999285475696597647e-01 2.081668171172168513e-17 6.938893903907228378e-18 0.000000000000000000e+00 1.734723475976807094e-18
1.096721237554137973e-04 0.000000000000000000e+00 -4.336808689942017736e-19 0.000000000000000000e+00 6.938893903907228378e-18 1.000108597820721368e+00 8.673617379884035472e-18
0.000000000000000000e+00 0.000000000000000000e+00 6.505213034913026604e-18 6.938893903907228378e-18 6.938893903907228378e-18 0.000000000000000000e+00 1.734723475976807094e-18
6.938893903907228378e-18 2.775557561562891351e-17 6.505213034913026604e-18 0.000000000000000000e+00 0.000000000000000000e+00 0.000000000000000000e+00 0.000000000000000000e+00
4.927196982053294594e-05 0.000000000000000000e+00 9.999285475696597647e-01 2.081668171172168513e-17 6.938893903907228378e-18 0.000000000000000000e+00 1.734723475976807094e-18
6.938893903907228378e-18 0.000000000000000000e+00 6.505213034913026604e-18 1.000137285736370618e+00 0.000000000000000000e+00 0.000000000000000000e+00 8.673617379884035472e-18
4.927196982053294594e-05 0.000000000000000000e+00 9.999285475696597647e-01 2.081668171172168513e-17 6.938893903907228378e-18 0.000000000000000000e+00 1.734723475976807094e-18
4.927196982053294594e-05 0.000000000000000000e+00 9.999285475696597647e-01 2.081668171172168513e-17 6.938893903907228378e-18 0.000000000000000000e+00 1.734723475976807094e-18
6.938893903907228378e-18 0.000000000000000000e+00 6.505213034913026604e-18 6.058759180870010308e-05 -6.938893903907228378e-18 0.000000000000000000e+00 1.000558068401073308e+00
4.927196982053294594e-05 0.000000000000000000e+00 9.999285475696597647e-01 2.081668171172168513e-17 6.938893903907228378e-18 0.000000000000000000e+00 1.734723475976807094e-18
1.096721237554137973e-04 0.000000000000000000e+00 -4.336808689942017736e-19 0.000000000000000000e+00 6.938893903907228378e-18 1.000108597820721368e+00 8.673617379884035472e-18
0.000000000000000000e+00 0.000000000000000000e+00 -4.336808689942017736e-19 0.000000000000000000e+00 0.000000000000000000e+00 0.000000000000000000e+00 1.734723475976807094e-18
1.096721237554137973e-04 0.000000000000000000e+00 -4.336808689942017736e-19 0.000000000000000000e+00 6.938893903907228378e-18 1.000108597820721368e+00 8.673617379884035472e-18
4.927196982053294594e-05 0.000000000000000000e+00 9.999285475696597647e-01 2.081668171172168513e-17 6.938893903907228378e-18 0.000000000000000000e+00 1.734723475976807094e-18
6.938893903907228378e-18 0.000000000000000000e+00 6.505213034913026604e-18 1.000137285736370618e+00 0.000000000000000000e+00 0.000000000000000000e+00 8.673617379884035472e-18
0.000000000000000000e+00 0.000000000000000000e+00 6.505213034913026604e-18 6.938893903907228378e-18 6.938893903907228378e-18 0.000000000000000000e+00 1.734723475976807094e-18
4.927196982053294594e-05 0.000000000000000000e+00 9.999285475696597647e-01 2.081668171172168513e-17 6.938893903907228378e-18 0.000000000000000000e+00 1.734723475976807094e-18
6.938893903907228378e-18 2.775557561562891351e-17 6.505213034913026604e-18 0.000000000000000000e+00 0.000000000000000000e+00 0.000000000000000000e+00 0.000000000000000000e+00
6.938893903907228378e-18 2.775557561562891351e-17 6.505213034913026604e-18 0.000000000000000000e+00 0.000000000000000000e+00 0.000000000000000000e+00 0.000000000000000000e+00
4.927196982053294594e-05 0.000000000000000000e+00 9.999285475696597647e-01 2.081668171172168513e-17 6.938893903907228378e-18 0.000000000000000000e+00 1.734723475976807094e-18
1.096721237554137973e-04 0.000000000000000000e+00 -4.336808689942017736e-19 0.000000000000000000e+00 6.938893903907228378e-18 1.000108597820721368e+00 8.673617379884035472e-18
1.096721237554137973e-04 0.000000000000000000e+00 -4.336808689942017736e-19 0.000000000000000000e+00 6.938893903907228378e-18 1.000108597820721368e+00 8.673617379884035472e-18
6.938893903907228378e-18 2.775557561562891351e-17 6.505213034913026604e-18 0.000000000000000000e+00 0.000000000000000000e+00 0.000000000000000000e+00 0.000000000000000000e+00
0.000000000000000000e+00 0.000000000000000000e+00 -4.336808689942017736e-19 0.000000000000000000e+00 0.000000000000000000e+00 0.000000000000000000e+00 1.734723475976807094e-18
1.096721237554137973e-04 0.000000000000000000e+00 -4.336808689942017736e-19 0.000000000000000000e+00 6.938893903907228378e-18 1.000108597820721368e+00 8.673617379884035472e-18
1.096721237554137973e-04 0.000000000000000000e+00 -4.336808689942017736e-19 0.000000000000000000e+00 6.938893903907228378e-18 1.000108597820721368e+00 8.673617379884035472e-18
6.938893903907228378e-18 0.000000000000000000e+00 6.505213034913026604e-18 1.000137285736370618e+00 0.000000000000000000e+00 0.000000000000000000e+00 8.673617379884035472e-18
6.938893903907228378e-18 2.775557561562891351e-17 6.505213034913026604e-18 0.000000000000000000e+00 0.000000000000000000e+00 0.000000000000000000e+00 0.000000000000000000e+00
4.927196982053294594e-05 0.000000000000000000e+00 9.999285475696597647e-01 2.081668171172168513e-17 6.938893903907228378e-18 0.000000000000000000e+00 1.734723475976807094e-18
4.927196982053294594e-05 0.000000000000000000e+00 9.999285475696597647e-01 2.081668171172168513e-17 6.938893903907228378e-18 0.000000000000000000e+00 1.734723475976807094e-18
0.000000000000000000e+00 0.000000000000000000e+00 6.505213034913026604e-18 6.938893903907228378e-18 6.938893903907228378e-18 0.000000000000000000e+00 1.734723475976807094e-18
6.938893903907228378e-18 0.000000000000000000e+00 6.505213034913026604e-18 1.000137285736370618e+00 0.000000000000000000e+00 0.000000000000000000e+00 8.673617379884035472e-18
0.000000000000000000e+00 0.000000000000000000e+00 6.505213034913026604e-18 6.938893903907228378e-18 6.938893903907228378e-18 0.000000000000000000e+00 1.734723475976807094e-18
1.096721237554137973e-04 0.000000000000000000e+00 -4.336808689942017736e-19 0.000000000000000000e+00 6.938893903907228378e-18 1.000108597820721368e+00 8.673617379884035472e-18
1.096721237554137973e-04 0.000000000000000000e+00 -4.336808689942017736e-19 0.000000000000000000e+00 6.938893903907228378e-18 1.000108597820721368e+00 8.673617379884035472e-18
6.938893903907228378e-18 0.000000000000000000e+00 6.505213034913026604e-18 6.058759180870010308e-05 -6.938893903907228378e-18 0.000000000000000000e+00 1.000558068401073308e+00
4.927196982053294594e-05 0.000000000000000000e+00 9.999285475696597647e-01 2.081668171172168513e-17 6.938893903907228378e-18 0.000000000000000000e+00 1.734723475976807094e-18
0.000000000000000000e+00 0.000000000000000000e+00 6.505213034913026604e-18 6.938893903907228378e-18 6.938893903907228378e-18 0.000000000000000000e+00 1.734723475976807094e-18
6.938893903907228378e-18 0.000000000000000000e+00 6.505213034913026604e-18 6.058759180870010308e-05 -6.938893903907228378e-18 0.000000000000000000e+00 1.000558068401073308e+00
0.000000000000000000e+00 0.000000000000000000e+00 6.505213034913026604e-18 6.938893903907228378e-18 6.938893903907228378e-18 0.000000000000000000e+00 1.734723475976807094e-18
0.000000000000000000e+00 0.000000000000000000e+00 -4.336808689942017736e-19 0.000000000000000000e+00 0.000000000000000000e+00 0.000000000000000000e+00 1.734723475976807094e-18
6.938893903907228378e-18 2.775557561562891351e-17 6.505213034913026604e-18 0.000000000000000000e+00 0.000000000000000000e+00 0.000000000000000000e+00 0.000000000000000000e+00
1.096721237554137973e-04 0.000000000000000000e+00 -4.336808689942017736e-19 0.000000000000000000e+00 6.938893903907228378e-18 1.000108597820721368e+00 8.673617379884035472e-18
6.938893903907228378e-18 2.775557561562891351e-17 6.505213034913026604e-18 0.000000000000000000e+00 0.000000000000000000e+00 0.000000000000000000e+00 0.000000000000000000e+00
0.000000000000000000e+00 0.000000000000000000e+00 -4.336808689942017736e-19 0.000000000000000000e+00 0.000000000000000000e+00 0.000000000000000000e+00 1.734723475976807094e-18
4.927196982053294594e-05 0.000000000000000000e+00 9.999285475696597647e-01 2.081668171172168513e-17 6.938893903907228378e-18 0.000000000000000000e+00 1.734723475976807094e-18
0.000000000000000000e+00 0.000000000000000000e+00 6.505213034913026604e-18 6.938893903907228378e-18 6.938893903907228378e-18 0.000000000000000000e+00 1.734723475976807094e-18
0.000000000000000000e+00 0.000000000000000000e+00 6.505213034913026604e-18 6.938893903907228378e-18 6.938893903907228378e-18 0.000000000000000000e+00 1.734723475976807094e-18
6.938893903907228378e-18 2.775557561562891351e-17 6.505213034913026604e-18 0.000000000000000000e+00 0.000000000000000000e+00 0.000000000000000000e+00 0.000000000000000000e+00
6.938893903907228378e-18 2.775557561562891351e-17 6.505213034913026604e-18 0.000000000000000000e+00 0.000000000000000000e+00 0.000000000000000000e+00 0.000000000000000000e+00
0.000000000000000000e+00 0.000000000000000000e+00 6.505213034913026604e-18 6.938893903907228378e-18 6.938893903907228378e-18 0.000000000000000000e+00 1.734723475976807094e-18
0.000000000000000000e+00 0.000000000000000000e+00 6.505213034913026604e-18 6.938893903907228378e-18 6.938893903907228378e-18 0.000000000000000000e+00 1.734723475976807094e-18
6.938893903907228378e-18 0.000000000000000000e+00 6.505213034913026604e-18 1.000137285736370618e+00 0.000000000000000000e+00 0.000000000000000000e+00 8.673617379884035472e-18
4.927196982053294594e-05 0.000000000000000000e+00 9.999285475696597647e-01 2.081668171172168513e-17 6.938893903907228378e-18 0.000000000000000000e+00 1.734723475976807094e-18
6.938893903907228378e-18 2.775557561562891351e-17 6.505213034913026604e-18 0.000000000000000000e+00 0.000000000000000000e+00 0.000000000000000000e+00 0.000000000000000000e+00
0.000000000000000000e+00 0.000000000000000000e+00 -4.336808689942017736e-19 0.000000000000000000e+00 0.000000000000000000e+00 0.000000000000000000e+00 1.734723475976807094e-18
0.000000000000000000e+00 0.000000000000000000e+00 6.505213034913026604e-18 6.938893903907228378e-18 6.938893903907228378e-18 0.000000000000000000e+00 1.734723475976807094e-18
6.938893903907228378e-18 0.000000000000000000e+00 6.505213034913026604e-18 6.058759180870010308e-05 -6.938893903907228378e-18 0.000000000000000000e+00 1.000558068401073308e+00
4.927196982053294594e-05 0.000000000000000000e+00 9.999285475696597647e-01 2.081668171172168513e-17 6.938893903907228378e-18 0.000000000000000000e+00 1.734723475976807094e-18
0.000000000000000000e+00 0.000000000000000000e+00 -4.336808689942017736e-19 0.000000000000000000e+00 0.000000000000000000e+00 0.000000000000000000e+00 1.734723475976807094e-18
0.000000000000000000e+00 0.000000000000000000e+00 -4.336808689942017736e-19 0.000000000000000000e+00 0.000000000000000000e+00 0.000000000000000000e+00 1.734723475976807094e-18
6.938893903907228378e-18 2.775557561562891351e-17 6.505213034913026604e-18 0.000000000000000000e+00 0.000000000000000000e+00 0.000000000000000000e+00 0.000000000000000000e+00
6.938893903907228378e-18 0.000000000000000000e+00 6.505213034913026604e-18 1.000137285736370618e+00 0.000000000000000000e+00 0.000000000000000000e+00 8.673617379884035472e-18
0.000000000000000000e+00 0.000000000000000000e+00 6.505213034913026604e-18 6.938893903907228378e-18 6.938893903907228378e-18 0.000000000000000000e+00 1.734723475976807094e-18
6.938893903907228378e-18 2.775557561562891351e-17 6.505213034913026604e-18 0.000000000000000000e+00 0.000000000000000000e+00 0.000000000000000000e+00 0.000000000000000000e+00
1.096721237554137973e-04 0.000000000000000000e+00 -4.336808689942017736e-19 0.000000000000000000e+00 6.938893903907228378e-18 1.000108597820721368e+00 8.673617379884035472e-18
4.927196982053294594e-05 0.000000000000000000e+00 9.999285475696597647e-01 2.081668171172168513e-17 6.938893903907228378e-18 0.000000000000000000e+00 1.734723475976807094e-18
6.938893903907228378e-18 2.775557561562891351e-17 6.505213034913026604e-18 0.000000000000000000e+00 0.000000000000000000e+00 0.000000000000000000e+00 0.000000000000000000e+00
0.000000000000000000e+00 0.000000000000000000e+00 -4.336808689942017736e-19 0.000000000000000000e+00 0.000000000000000000e+00 0.000000000000000000e+00 1.734723475976807094e-18
6.938893903907228378e-18 2.775557561562891351e-17 6.505213034913026604e-18 0.000000000000000000e+00 0.000000000000000000e+00 0.000000000000000000e+00 0.000000000000000000e+00
1.096721237554137973e-04 0.000000000000000000e+00 -4.336808689942017736e-19 0.000000000000000000e+00 6.938893903907228378e-18 1.000108597820721368e+00 8.673617379884035472e-18
0.000000000000000000e+00 0.000000000000000000e+00 -4.336808689942017736e-19 0.000000000000000000e+00 0.000000000000000000e+00 0.000000000000000000e+00 1.734723475976807094e-18
0.000000000000000000e+00 0.000000000000000000e+00 6.505213034913026604e-18 6.938893903907228378e-18 6.938893903907228378e-18 0.000000000000000000e+00 1.734723475976807094e-18
6.938893903907228378e-18 2.775557561562891351e-17 6.505213034913026604e-18 0.000000000000000000e+00 0.000000000000000000e+00 0.000000000000000000e+00 0.000000000000000000e+00
0.000000000000000000e+00 0.000000000000000000e+00 -4.336808689942017736e-19 0.000000000000000000e+00 0.000000000000000000e+00 0.000000000000000000e+00 1.734723475976807094e-18
0.000000000000000000e+00 0.000000000000000000e+00 -4.336808689942017736e-19 0.000000000000000000e+00 0.000000000000000000e+00 0.000000000000000000e+00 1.734723475976807094e-18
6.938893903907228378e-18 2.775557561562891351e-17 6.505213034913026604e-18 0.000000000000000000e+00 0.000000000000000000e+00 0.000000000000000000e+00 0.000000000000000000e+00
0.000000000000000000e+00 0.000000000000000000e+00 -4.336808689942017736e-19 0.000000000000000000e+00 0.000000000000000000e+00 0.000000000000000000e+00 1.734723475976807094e-18
1.096721237554137973e-04 0.000000000000000000e+00 -4.336808689942017736e-19 0.000000000000000000e+00 6.938893903907228378e-18 1.000108597820721368e+00 8.673617379884035472e-18
0.000000000000000000e+00 0.000000000000000000e+00 -4.336808689942017736e-19 0.000000000000000000e+00 0.000000000000000000e+00 0.000000000000000000e+00 1.734723475976807094e-18
6.938893903907228378e-18 2.775557561562891351e-17 6.505213034913026604e-18 0.000000000000000000e+00 0.000000000000000000e+00 0.000000000000000000e+00 0.000000000000000000e+00
0.000000000000000000e+00 0.000000000000000000e+00 6.505213034913026604e-18 6.938893903907228378e-18 6.938893903907228378e-18 0.000000000000000000e+00 1.734723475976807094e-18
0.000000000000000000e+00 0.000000000000000000e+00 6.505213034913026604e-18 6.938893903907228378e-18 6.938893903907228378e-18 0.000000000000000000e+00 1.734723475976807094e-18
1.096721237554137973e-04 0.000000000000000000e+00 -4.336808689942017736e-19 0.000000000000000000e+00 6.938893903907228378e-18 1.000108597820721368e+00 8.673617379884035472e-18
1.096721237554137973e-04 0.000000000000000000e+00 -4.336808689942017736e-19 0.000000000000000000e+00 6.938893903907228378e-18 1.000108597820721368e+00 8.673617379884035472e-18
6.938893903907228378e-18 0.000000000000000000e+00 6.505213034913026604e-18 6.058759180870010308e-05 -6.938893903907228378e-18 0.000000000000000000e+00 1.000558068401073308e+00
4.927196982053294594e-05 0.000000000000000000e+00 9.999285475696597647e-01 2.081668171172168513e-17 6.938893903907228378e-18 0.000000000000000000e+00 1.734723475976807094e-18
4.927196982053294594e-05 0.000000000000000000e+00 9.999285475696597647e-01 2.081668171172168513e-17 6.938893903907228378e-18 0.000000000000000000e+00 1.734723475976807094e-18
0.000000000000000000e+00 0.000000000000000000e+00 6.505213034913026604e-18 6.938893903907228378e-18 6.938893903907228378e-18 0.000000000000000000e+00 1.734723475976807094e-18
1.096721237554137973e-04 0.000000000000000000e+00 -4.336808689942017736e-19 0.000000000000000000e+00 6.938893903907228378e-18 1.000108597820721368e+00 8.673617379884035472e-18
4.927196982053294594e-05 0.000000000000000000e+00 9.999285475696597647e-01 2.081668171172168513e-17 6.938893903907228378e-18 0.000000000000000000e+00 1.734723475976807094e-18
0.000000000000000000e+00 0.000000000000000000e+00 -4.336808689942017736e-19 0.000000000000000000e+00 0.000000000000000000e+00 0.000000000000000000e+00 1.734723475976807094e-18
6.938893903907228378e-18 0.000000000000000000e+00 6.505213034913026604e-18 1.000137285736370618e+00 0.000000000000000000e+00 0.000000000000000000e+00 8.673617379884035472e-18
6.938893903907228378e-18 0.000000000000000000e+00 6.505213034913026604e-18 6.058759180870010308e-05 -6.938893903907228378e-18 0.000000000000000000e+00 1.000558068401073308e+00
0.000000000000000000e+00 0.000000000000000000e+00 6.505213034913026604e-18 6.938893903907228378e-18 6.938893903907228378e-18 0.000000000000000000e+00 1.734723475976807094e-18
0.000000000000000000e+00 0.000000000000000000e+00 -4.336808689942017736e-19 0.000000000000000000e+00 0.000000000000000000e+00 0.000000000000000000e+00 1.734723475976807094e-18
0.000000000000000000e+00 0.000000000000000000e+00 -4.336808689942017736e-19 0.000000000000000000e+00 0.000000000000000000e+00 0.000000000000000000e+00 1.734723475976807094e-18
4.927196982053294594e-05 0.000000000000000000e+00 9.999285475696597647e-01 2.081668171172168513e-17 6.938893903907228378e-18 0.000000000000000000e+00 1.734723475976807094e-18
6.938893903907228378e-18 2.775557561562891351e-17 6.505213034913026604e-18 0.000000000000000000e+00 0.000000000000000000e+00 0.000000000000000000e+00 0.000000000000000000e+00
1.096721237554137973e-04 0.000000000000000000e+00 -4.336808689942017736e-19 0.000000000000000000e+00 6.938893903907228378e-18 1.000108597820721368e+00 8.673617379884035472e-18
6.938893903907228378e-18 2.775557561562891351e-17 6.505213034913026604e-18 0.000000000000000000e+00 0.000000000000000000e+00 0.000000000000000000e+00 0.000000000000000000e+00
6.938893903907228378e-18 0.000000000000000000e+00 6.505213034913026604e-18 1.000137285736370618e+00 0.000000000000000000e+00 0.000000000000000000e+00 8.673617379884035472e-18
0.000000000000000000e+00 0.000000000000000000e+00 6.505213034913026604e-18 6.938893903907228378e-18 6.938893903907228378e-18 0.000000000000000000e+00 1.734723475976807094e-18
0.000000000000000000e+00 0.000000000000000000e+00 -4.336808689942017736e-19 0.000000000000000000e+00 0.000000000000000000e+00 0.000000000000000000e+00 1.734723475976807094e-18
4.927196982053294594e-05 0.000000000000000000e+00 9.999285475696597647e-01 2.081668171172168513e-17 6.938893903907228378e-18 0.000000000000000000e+00 1.734723475976807094e-18
0.000000000000000000e+00 0.000000000000000000e+00 6.505213034913026604e-18 6.938893903907228378e-18 6.938893903907228378e-18 0.000000000000000000e+00 1.734723475976807094e-18
6.938893903907228378e-18 0.000000000000000000e+00 6.505213034913026604e-18 6.058759180870010308e-05 -6.938893903907228378e-18 0.000000000000000000e+00 1.000558068401073308e+00
4.927196982049131257e-05 0.000000000000000000e+00 9.999285475696595427e-01 2.081668171172168513e-17 6.938893903907228378e-18 0.000000000000000000e+00 1.734723475976807094e-18
